1
2
2 
5 1
3
2 6 5
4
1 2 3 4
5
1 2 9 4 5
6
1 10 3 4 5 6
7
1 2 3 4 5 6 7
8
1 2 3 4 5 6 7 8
9 
1 2 3 4 5 6 7 8 9
10
1 2 3 4 5 6 7 8 9 10
11
1 2 3 4 5 6 7 8 9 10 11
12
1 2 3 4 5 6 7 8 9 10 11 12
13
1 2 3 4 5 6 7 8 9 10 11 12 13
14
1 2 3 4 5 6 7 8 9 10 11 12 13 14
15
1 2 3 4 5 6 7 8 9 10 11 12 13 14 15
0

My output:
6 1
14 2
24 2
20 8
28 4
36 8
46 8
56 32
68 16
80 32
94 32
108 128
124 64
140 128
158 128

True Output:
6 1
14 2
24 2
20 8
28 12
36 72
46 144
56 1152
68 2880
80 28800
94 86400
108 1036800
124 3628800
140 50803200
158 203212800


