20
4 right
0 0 2 4
0 0 4 8
0 2 16 32
0 2 2 16
4 up
0 0 2 4
0 0 4 8
0 2 16 32
0 0 4 16
4 up
0 0 0 0
0 0 0 0
0 0 0 0
0 0 0 0
4 down
2 2 2 2
2 2 2 2
2 2 2 2
2 2 2 2
4 left
2 2 2 2
2 2 2 2
2 2 2 2
2 2 2 2
4 right
2 2 2 2
2 2 2 2
2 2 2 2
2 2 2 2
4 up
2 2 2 2
2 2 2 2
2 2 2 2
2 2 2 2
4 left
2 2 4 4
2 2 4 4
2 2 4 4
2 2 4 4
4 down
1024 1024 1024 1024
1024 1024 1024 1024
1024 1024 1024 1024
1024 1024 1024 1024
4 left
1024 1024 1024 1024
1024 1024 1024 1024
1024 1024 1024 1024
1024 1024 1024 1024
4 right
1024 1024 1024 1024
1024 1024 1024 1024
1024 1024 1024 1024
1024 1024 1024 1024
4 up
1024 1024 1024 1024
1024 1024 1024 1024
1024 1024 1024 1024
1024 1024 1024 1024
4 up
0 512 0 0
0 0 0 64
0 0 0 128
0 64 2 256
4 down
0 0 0 0
0 2 0 0
0 0 0 0
2 0 1024 4
4 down
0 0 0 0
0 64 0 0
0 0 0 2
0 0 0 0
4 left
0 2 0 0
4 0 0 2
0 0 0 0
0 0 0 0
4 up
128 0 128 512
16 0 256 32
4 2 2 8
2 0 0 4
4 down
32 8 256 4
4 2 4 512
64 512 4 128
8 2 1024 2
4 left
4 4 128 4
512 2 2 8
2 8 4 0
2 4 2 0
4 up
256 0 256 256
0 2 2 0
64 0 4 2
8 256 4 2
