20
4 right
0 0 2 4
0 0 4 8
0 2 16 32
0 2 2 16
4 up
0 0 2 4
0 0 4 8
0 2 16 32
0 0 4 16
4 up
0 0 0 0
0 0 0 0
0 0 0 0
0 0 0 0
4 down
2 2 2 2
2 2 2 2
2 2 2 2
2 2 2 2
4 left
2 2 2 2
2 2 2 2
2 2 2 2
2 2 2 2
4 right
2 2 2 2
2 2 2 2
2 2 2 2
2 2 2 2
4 up
2 2 2 2
2 2 2 2
2 2 2 2
2 2 2 2
4 left
2 2 4 4
2 2 4 4
2 2 4 4
2 2 4 4
4 down
1024 1024 1024 1024
1024 1024 1024 1024
1024 1024 1024 1024
1024 1024 1024 1024
4 left
1024 1024 1024 1024
1024 1024 1024 1024
1024 1024 1024 1024
1024 1024 1024 1024
4 right
1024 1024 1024 1024
1024 1024 1024 1024
1024 1024 1024 1024
1024 1024 1024 1024
4 up
1024 1024 1024 1024
1024 1024 1024 1024
1024 1024 1024 1024
1024 1024 1024 1024
4 up
0 0 0 0
0 0 0 0
0 16 32 512
0 0 2 0
4 left
0 128 16 0
0 0 0 512
0 0 0 0
0 0 0 32

4 up
0 2 0 0
0 2 256 0
8 0 0 0
0 0 0 0
4 down
2 0 0 128
0 0 0 2
0 512 0 0
0 0 0 2
4 left
128 0 256 2
128 4 2 2
8 4 0 128
256 0 64 512
4 left
256 32 2 4
16 64 0 4
4 0 64 4
2 4 2 16
4 right
64 64 4 2
2 4 2 4
2 4 16 2
4 2 0 4
4 left
8 4 4 4
2 2 2 2
4 2 4 4
4 0 4 128
