100
6 6 2 1 1 1 1 1
8 6 2 2 1 1 1 1 1 1
8 5 2 2 1 1 1 1 1 1
20 7 2 1 1 1 1 0 0 0 0 0 0 0 0 0 0 0 0 0 0 0
9 6 2 2 2 2 2 2 2 2 2
9 12 2 2 2 2 2 2 2 2 2
2 5 0 0
4 2 1 1 0 0
3 2 0 0 1
3 256 5 7 5
6 3 1 1 1 1 1 0
5 276 7 3 5 6 7
6 32 5 1 0 1 5 4
8 8 1 1 1 1 0 3 1 2
6 456 7 6 0 0 1 8
9 170 3 1 0 7 3 1 1 5 3
6 4 1 0 0 1 2 2
5 8388608 13 0 13 2 6
5 368 5 4 0 8 8
5 16384 8 14 14 6 6
6 2097152 3 14 4 1 4 18
6 380 2 2 2 6 3 3
7 2048 3 10 4 6 3 2 10
7 184 4 7 2 6 3 6 6
7 453 5 0 1 0 5 4 1
8 496 6 0 2 1 0 0 1 7
9 408 6 6 6 5 3 6 7 3 8
5 16777216 21 23 18 24 24
6 1 0 0 0 0 0 0
7 1024 8 9 10 8 8 10 1
8 240 7 6 0 5 3 7 0 5
7 4 1 2 2 1 2 1 0
5 32768 9 3 11 8 7
6 502 6 3 0 1 8 3
9 308 3 3 8 5 7 0 0 0 4
9 261 6 0 1 8 8 6 7 5 4
8 1 0 0 0 0 0 0 0 0
5 16384 1 9 5 4 2
9 136 7 6 0 5 3 6 1 2 7
5 221 5 0 4 4 5
6 305 8 7 0 6 1 7
7 1 0 0 0 0 0 0 0
6 381 1 7 3 1 7 1
5 32768 4 13 14 0 10
5 2 0 0 0 1 1
7 5 2 1 0 1 1 2 2
8 4 2 2 2 0 1 2 0 0
9 464 3 8 2 8 7 6 3 4 7
8 4 1 0 0 2 2 0 2 1
7 163 6 1 5 5 0 2 5
19 499 6 8 2 7 7 7 4 0 5 4 5 5 1 5 1 1 7 8 6
12 1 0 0 0 0 0 0 0 0 0 0 0 0
16 219 6 5 1 4 6 2 6 7 7 5 4 5 0 3 7 5
15 152 4 4 4 4 0 0 7 7 3 0 1 2 1 1 6
12 2 1 1 0 1 0 1 0 0 1 0 0 0
19 3 1 1 1 1 1 1 1 1 0 1 1 0 0 1 0 1 0 0 0
11 1 0 0 0 0 0 0 0 0 0 0 0
19 471 2 4 6 7 6 3 5 0 0 1 4 5 6 4 5 6 3 5 6
14 232 5 6 1 7 2 1 4 2 2 1 5 5 6 1
10 2097152 0 19 17 4 12 0 4 12 4 9
12 508 1 4 0 8 5 5 3 3 8 0 0 8
12 165 0 1 2 0 5 3 6 5 7 2 2 7
17 4194304 16 20 22 11 13 8 20 0 11 16 9 19 12 15 17 9 17
13 199 5 7 1 7 1 5 1 6 0 4 5 0 6
17 134 4 7 1 6 2 4 5 3 2 5 5 2 2 2 3 1 7
13 5 0 0 1 1 2 2 2 1 0 1 2 2 2
11 3 0 0 1 0 0 0 1 1 0 1 1
18 229 0 6 3 5 3 7 2 0 3 1 2 5 2 1 3 1 4 4
19 437 1 3 6 7 3 7 0 1 3 8 7 1 2 8 8 7 8 5 0
18 32 3 4 0 1 0 5 2 2 0 2 0 3 5 5 4 5 4 3
19 2 1 1 0 1 1 1 1 0 1 0 0 0 0 1 1 1 1 0 0
11 215 5 6 6 5 3 4 4 5 4 7 0
11 355 1 3 2 7 7 5 8 8 8 4 1
16 2 0 0 0 0 1 0 1 1 1 1 0 0 1 1 1 1
19 491 5 5 5 6 3 0 0 8 6 5 1 2 5 0 2 6 2 0 7
20 468 1 5 7 3 1 8 0 1 5 5 5 3 6 8 1 2 7 0 7 7
20 4 2 1 1 2 2 2 0 1 1 2 2 0 2 0 1 0 0 0 0 1
20 153 5 6 4 5 1 7 6 6 5 1 6 4 1 7 6 2 1 5 1 3
20 221 0 7 0 5 6 1 2 4 2 5 6 5 2 1 2 2 5 5 2 0
20 157 3 7 5 1 4 0 6 4 7 4 4 1 4 6 4 0 3 7 7 3
20 268435456 11 4 1 20 13 6 2 27 20 14 0 13 27 11 18 3 21 18 15 22
20 4 1 0 0 0 1 0 0 1 0 0 1 0 0 1 1 0 2 0 0 0
20 240 5 7 5 7 5 6 3 7 7 1 1 1 6 5 1 6 2 3 7 1
20 32 1 5 3 4 1 4 5 1 1 1 3 5 4 1 4 0 4 2 0 5
20 4096 2 6 0 11 11 7 9 4 11 9 11 9 1 1 10 10 11 3 9 6
20 1 0 0 0 0 0 0 0 0 0 0 0 0 0 0 0 0 0 0 0 0
20 181 5 6 4 4 2 4 6 5 7 0 0 2 2 6 6 7 3 2 3 5
20 428 1 5 6 0 8 8 3 8 7 7 1 2 8 4 5 0 4 2 1 8
20 3 1 0 1 1 0 1 1 0 0 1 0 0 0 1 0 1 0 1 1 0
20 185 5 6 6 5 5 1 6 3 6 2 3 5 7 1 7 7 5 0 7 5
20 233 3 0 7 1 5 6 0 0 5 5 3 0 6 0 1 3 5 7 6 4
20 4 1 2 1 2 1 1 0 0 2 2 1 0 0 0 0 1 2 0 2 0
20 3 0 1 0 0 0 1 0 1 1 0 1 1 0 0 0 0 1 1 1 1
20 213 7 2 4 0 4 3 2 1 4 7 4 0 6 2 0 5 6 7 6 7
20 3 0 1 0 1 1 1 1 1 1 1 0 0 0 0 1 1 0 1 0 1
20 162 7 0 0 3 5 0 7 5 7 0 0 5 2 3 6 2 4 5 2 3
20 524288 8 12 12 18 9 4 0 13 19 18 18 0 10 1 7 3 11 3 6 12
20 1 0 0 0 0 0 0 0 0 0 0 0 0 0 0 0 0 0 0 0 0
20 310 4 0 5 7 4 6 4 2 8 5 2 4 3 0 8 0 8 6 8 5
20 428 3 2 0 1 5 3 8 7 8 7 3 0 6 6 5 8 6 0 3 7
