100
6 6 2 1 1 1 1 1
8 6 2 2 1 1 1 1 1 1
8 5 2 2 1 1 1 1 1 1
20 7 2 1 1 1 1 0 0 0 0 0 0 0 0 0 0 0 0 0 0 0
9 6 2 2 2 2 2 2 2 2 2
9 12 2 2 2 2 2 2 2 2 2
1 512 7
4 4 2 1 2 0
2 2 1 1
3 8 3 3 2
7 536870912 23 20 15 20 3 6 9
7 268435456 3 10 12 12 11 14 5
7 377 7 0 0 1 8 8 6
7 236 5 3 2 3 3 7 5
9 128 4 5 6 7 6 4 4 4 3
5 501 6 5 0 8 7
9 1 0 0 0 0 0 0 0 0 0
9 370 2 6 8 5 7 6 8 3 1
9 486 5 4 6 4 6 7 1 3 1
7 377 7 5 6 5 0 1 6
9 64 0 4 6 5 2 4 6 4 6
6 346 2 8 7 6 2 5
5 5 1 1 0 0 1
8 206 7 5 4 5 4 1 6 6
6 8192 13 0 13 2 12 3
6 1 0 0 0 0 0 0
9 32768 11 0 3 9 13 15 12 15 8
8 171 1 6 3 2 4 4 2 3
6 363 4 1 6 6 4 4
8 16 4 3 0 0 2 2 2 1
7 462 3 3 0 8 6 1 8
8 262144 18 7 16 2 17 17 14 0
7 2 1 1 1 1 1 0 0
8 2097152 18 14 18 4 7 6 20 20
6 1 0 0 0 0 0 0
5 5 2 0 0 1 1
9 3 1 1 1 0 1 1 0 0 0
9 2 1 1 0 1 0 0 1 1 0
5 5 0 0 0 2 2
9 1 0 0 0 0 0 0 0 0 0
5 16384 7 4 9 2 10
9 67108864 22 25 25 12 25 26 7 0 11
8 204 6 3 6 6 0 2 6 5
6 3 0 1 1 1 0 1
7 379 0 7 6 6 8 5 6
9 4 1 1 1 2 0 2 2 0 1
6 144 6 6 4 5 7 0
6 354 0 5 1 2 7 8
6 8192 0 3 4 11 6 9
7 255 5 3 0 3 5 5 7
16 480 6 1 5 2 3 1 0 8 8 8 7 5 1 2 5 0
19 493 3 1 0 4 7 6 8 5 4 6 6 2 5 6 6 2 4 4 6
15 182 5 7 0 5 2 7 5 0 3 0 3 0 2 1 1
11 2097152 10 21 17 9 5 12 14 15 11 7 20
12 1 0 0 0 0 0 0 0 0 0 0 0 0
14 4 2 2 0 1 0 2 1 2 0 2 2 2 1 0
17 276 8 5 0 4 7 7 8 8 1 5 3 1 6 6 8 7 0
19 64 4 1 6 5 1 4 4 2 0 2 3 5 6 2 1 4 1 5 5
17 155 1 0 5 4 1 6 0 3 6 0 0 5 6 5 6 3 2
12 67108864 20 4 23 16 15 20 11 23 25 20 10 17
18 255 1 2 6 3 3 3 5 7 4 1 6 7 3 1 2 7 0 1
16 236 2 5 3 7 7 1 4 0 7 5 6 5 5 6 3 5
10 3 1 0 0 0 1 0 1 1 1 0
17 4194304 21 12 18 20 22 19 0 22 20 16 8 13 12 5 3 22 7
14 4 2 2 1 0 2 1 2 1 1 1 0 1 1 2
16 227 5 7 7 3 0 1 5 2 0 0 5 6 1 4 0 1
13 215 2 6 7 7 2 3 1 4 7 7 5 7 7
13 2 0 0 1 1 0 1 1 0 1 1 1 0 1
16 131072 12 5 0 13 8 1 17 7 5 16 7 11 15 5 2 13
11 273 3 4 2 5 3 8 4 7 8 3 2
15 203 7 0 7 5 7 3 5 5 1 0 7 6 0 0 5
12 2097152 1 2 20 2 6 17 18 2 9 19 1 18
17 377 4 0 6 3 5 0 6 2 7 4 7 4 0 1 5 0 5
14 500 2 8 0 8 8 4 0 7 7 0 7 8 1 8
11 315 1 0 0 4 6 1 2 2 8 8 6
20 418 7 4 6 6 1 7 3 0 2 5 2 4 3 1 8 8 6 7 5 0
20 236 6 7 4 5 5 4 5 7 2 3 1 6 4 5 3 3 3 7 2 6
20 2 1 1 0 1 1 1 0 1 1 1 1 0 0 0 1 1 1 0 0 0
20 3 0 0 0 1 0 1 0 1 0 0 1 0 1 1 0 1 1 0 1 1
20 230 7 6 0 5 7 3 5 5 5 7 6 5 2 4 6 6 6 2 6 7
20 155 6 6 7 4 1 6 5 3 2 7 2 5 4 4 4 2 1 5 4 7
20 232 7 1 4 1 4 6 7 3 2 5 5 7 4 0 1 5 0 1 3 3
20 313 3 1 7 6 7 4 6 1 3 6 7 8 3 1 6 4 6 0 7 5
20 181 7 6 2 3 3 3 3 7 5 2 0 3 0 2 7 4 6 3 3 4
20 248 2 6 4 3 3 7 0 7 6 7 0 7 4 4 5 3 6 4 6 5
20 2 1 0 1 1 0 1 0 1 1 1 0 1 0 0 0 0 1 1 1 1
20 382 6 3 7 3 8 6 6 4 4 3 8 8 2 8 2 5 6 2 7 2
20 524288 19 10 5 1 16 2 9 8 14 4 7 16 14 16 18 11 9 0 2 2
20 256 8 3 6 4 6 7 2 3 6 2 7 4 7 7 6 8 2 5 7 1
20 64 4 4 4 5 3 2 2 3 3 5 4 3 4 5 6 4 4 2 2 0
20 275 0 1 7 6 8 2 6 3 1 0 4 0 3 2 5 7 2 3 2 5
20 262144 8 9 6 3 10 4 18 2 11 9 17 0 0 3 2 10 12 14 5 16
20 493 6 5 4 2 5 5 2 8 4 5 8 7 8 4 5 0 5 8 2 8
20 344 5 8 8 2 4 4 6 0 5 5 8 5 0 5 4 8 1 8 8 4
20 5 2 1 2 0 2 0 1 2 1 2 0 1 2 0 2 1 0 1 0 2
20 292 6 2 6 7 5 8 8 3 8 2 8 7 2 8 6 6 6 6 0 7
20 8388608 0 13 16 2 13 7 20 14 14 1 16 9 22 11 8 10 0 8 5 2
20 442 3 7 6 5 2 0 7 8 7 7 7 5 3 4 7 8 4 0 4 1
20 245 2 0 7 2 3 7 6 3 1 3 7 1 4 5 0 6 5 7 4 6
20 159 1 0 5 0 3 4 7 1 5 4 4 1 5 1 3 7 4 7 2 3
