100
6 6 2 1 1 1 1 1
8 6 2 2 1 1 1 1 1 1
8 5 2 2 1 1 1 1 1 1
20 7 2 1 1 1 1 0 0 0 0 0 0 0 0 0 0 0 0 0 0 0
9 6 2 2 2 2 2 2 2 2 2
9 12 2 2 2 2 2 2 2 2 2
4 262 6 6 1 2
4 211 7 2 2 1
3 338 5 6 7
3 134217728 24 0 25
7 5 1 2 0 1 1 0 0
9 137 0 5 7 6 1 0 3 7 7
6 491 1 2 6 8 2 8
7 429 7 5 6 6 6 2 8
6 4096 5 12 11 12 7 9
7 250 4 0 3 5 4 6 1
9 220 4 2 3 2 7 6 5 1 2
8 2 1 0 1 0 1 1 1 1
6 132 5 4 2 5 0 0
9 4 1 2 1 0 2 2 0 1 1
9 268435456 0 1 17 8 7 22 16 26 25
9 5 0 2 2 0 0 1 0 1 1
6 180 4 4 1 4 6 6
7 4096 4 11 8 10 2 10 7
5 1048576 4 20 14 2 15
7 271 8 1 3 4 7 7 2
6 16 3 4 3 3 1 1
5 173 0 7 6 0 2
8 291 3 7 2 7 6 0 7 7
5 219 2 7 2 2 2
5 64 1 1 5 0 1
9 512 5 9 2 8 8 1 1 2 7
5 143 4 6 1 4 0
8 3 1 0 0 1 0 0 1 0
8 230 1 6 4 4 7 6 2 0
9 201 5 5 0 6 5 0 5 1 7
8 455 0 3 3 1 6 3 4 2
5 236 4 4 5 0 6
8 450 2 7 6 8 8 1 2 1
5 323 8 3 7 6 7
5 202 6 0 7 6 2
8 4 2 0 0 0 0 2 1 0
6 67108864 0 25 26 17 26 20
5 131 7 5 7 3 1
6 130 5 3 5 6 5 3
6 1024 6 8 10 9 8 6
9 16 2 3 4 4 1 0 3 3 4
8 524288 17 17 16 3 13 2 1 7
8 378 5 4 2 2 7 0 8 8
6 5 2 0 1 2 1 2
18 1 0 0 0 0 0 0 0 0 0 0 0 0 0 0 0 0 0 0
18 2 1 0 0 0 0 1 1 1 0 0 0 0 0 1 0 1 0 0
17 399 3 7 5 8 6 4 5 5 0 8 5 0 4 3 1 0 0
15 128 6 5 3 6 3 6 1 2 0 7 3 3 4 5 2
18 5 2 0 1 0 2 1 0 0 2 2 1 1 1 1 0 1 0 0
18 141 5 3 1 4 3 5 6 7 5 6 4 7 4 4 4 0 4 5
14 524288 10 14 16 10 16 2 16 0 10 11 18 19 5 17
11 1 0 0 0 0 0 0 0 0 0 0 0
15 2 1 0 0 1 1 0 1 0 0 1 0 0 1 0 1
11 378 2 8 3 8 8 7 3 3 5 4 6
15 5 1 2 1 0 0 1 1 1 0 2 2 2 1 1 0
19 305 0 8 2 2 4 7 6 0 0 1 1 6 2 8 2 6 1 0 5
12 265 7 6 8 5 2 5 0 3 0 1 6 4
15 157 2 4 2 7 7 4 7 1 7 5 6 1 2 4 3
14 1 0 0 0 0 0 0 0 0 0 0 0 0 0 0
18 33554432 10 2 8 18 20 6 12 11 13 22 18 22 18 14 10 2 4 20
17 234 2 2 7 1 1 2 3 5 7 4 0 6 7 4 2 1 5
16 227 0 1 2 1 3 3 6 6 2 7 5 2 5 7 1 6
15 16384 4 14 7 11 9 4 9 6 2 2 3 13 13 12 8
19 366 8 0 0 7 6 2 8 8 2 6 2 5 6 1 2 7 5 7 6
18 33554432 22 25 7 22 23 22 13 16 17 10 16 7 22 24 11 1 5 23
10 8388608 22 1 10 13 4 21 23 10 11 7
13 158 3 5 4 1 0 6 2 2 4 2 5 7 1
12 1 0 0 0 0 0 0 0 0 0 0 0 0
16 209 4 2 3 4 0 6 7 7 4 7 5 6 7 3 1 7
20 231 1 4 3 7 7 0 6 2 5 5 0 3 4 5 3 7 4 2 5 1
20 189 6 5 4 2 5 4 4 1 5 6 4 1 6 3 4 2 6 4 3 0
20 420 5 8 8 5 5 3 5 2 0 3 0 1 0 6 0 7 2 4 7 8
20 3 0 1 1 0 1 0 1 1 1 1 0 0 0 0 1 1 1 0 0 1
20 485 1 3 5 7 5 1 2 4 7 3 0 3 5 7 4 2 3 6 8 3
20 250 6 4 7 4 5 5 1 2 4 7 6 1 7 6 0 1 3 4 0 6
20 8 2 0 0 1 0 1 2 3 3 1 3 3 2 3 0 2 3 3 3 2
20 5 1 0 2 2 1 0 2 2 2 1 2 0 0 2 1 0 1 1 2 0
20 217 2 6 7 3 5 7 5 5 4 1 5 5 7 1 6 2 4 6 7 5
20 2 0 0 1 0 1 0 1 0 0 1 1 1 0 1 1 1 1 1 1 0
20 375 6 1 7 3 7 7 3 0 5 5 0 3 0 8 0 5 1 1 7 3
20 16 1 2 1 3 1 3 3 4 2 0 3 1 3 2 1 2 3 0 2 3
20 16 4 2 1 1 2 3 1 4 2 3 0 4 2 1 3 3 2 4 2 4
20 269 2 5 6 5 4 5 0 8 6 5 3 3 4 3 0 8 7 5 1 8
20 134 0 3 5 4 3 5 5 2 4 2 0 0 7 1 4 6 0 4 1 6
20 1 0 0 0 0 0 0 0 0 0 0 0 0 0 0 0 0 0 0 0 0
20 2 1 1 1 1 1 1 1 0 1 0 0 0 1 0 1 0 1 1 0 0
20 536870912 21 9 3 0 26 13 9 29 29 15 15 24 28 10 21 19 0 27 10 1
20 261 5 3 0 3 8 8 1 8 7 0 0 7 1 2 7 5 8 7 7 8
20 434 0 5 1 8 3 1 0 1 1 2 2 2 5 3 4 5 6 3 2 6
20 1048576 18 15 19 14 16 15 19 18 11 20 0 12 6 2 2 10 16 4 16 19
20 467 7 6 8 2 4 7 3 5 2 2 1 1 5 0 2 2 6 0 4 3
20 218 0 7 4 4 6 5 1 3 4 6 7 5 1 0 0 4 3 6 4 2
20 147 5 1 4 7 3 6 6 3 7 1 2 5 5 6 3 4 0 4 6 0
20 8192 3 3 3 5 1 13 5 2 11 7 0 13 0 13 2 4 1 1 13 4
