Case #1:
0 0 2 4
0 0 4 8
0 2 16 32
0 0 4 16
Case #2:
0 4 2 4
0 0 4 8
0 0 16 32
0 0 4 16
Case #3:
0 0 0 0
0 0 0 0
0 0 0 0
0 0 0 0
Case #4:
0 0 0 0
0 0 0 0
4 4 4 4
4 4 4 4
Case #5:
4 4 0 0
4 4 0 0
4 4 0 0
4 4 0 0
Case #6:
0 0 4 4
0 0 4 4
0 0 4 4
0 0 4 4
Case #7:
4 4 4 4
4 4 4 4
0 0 0 0
0 0 0 0
Case #8:
4 8 0 0
4 8 0 0
4 8 0 0
4 8 0 0
Case #9:
0 0 0 0
0 0 0 0
2048 2048 2048 2048
2048 2048 2048 2048
Case #10:
2048 2048 0 0
2048 2048 0 0
2048 2048 0 0
2048 2048 0 0
Case #11:
0 0 2048 2048
0 0 2048 2048
0 0 2048 2048
0 0 2048 2048
Case #12:
2048 2048 2048 2048
2048 2048 2048 2048
0 0 0 0
0 0 0 0
Case #13:
0 512 2 128
0 64 0 64
0 0 0 0
0 0 0 0
Case #14:
0 0 0 0
0 0 0 0
0 0 0 0
2 2 1024 4
Case #15:
0 0 0 0
0 0 0 0
0 0 0 0
0 64 0 2
Case #16:
4 0 0 0
4 2 0 0
0 0 0 0
0 0 0 0
Case #17:
128 4 128 512
16 0 256 32
4 0 2 8
2 0 0 4
Case #18:
32 8 0 4
4 2 256 512
64 512 8 128
8 2 1024 2
Case #19:
8 128 4 0
512 4 8 0
2 8 4 0
2 4 2 0
Case #20:
256 4 256 256
128 2 2 4
0 0 8 0
0 0 0 0
